# 14/50 iterations complete ✅ (4652.28s)
# Results saved to runs/segment/tune
# Best fitness=0.63967 observed at iteration 14
# Best fitness metrics are {'metrics/precision(B)': 0.49024, 'metrics/recall(B)': 0.49358, 'metrics/mAP50(B)': 0.45096, 'metrics/mAP50-95(B)': 0.3298, 'metrics/precision(M)': 0.47976, 'metrics/recall(M)': 0.47497, 'metrics/mAP50(M)': 0.41872, 'metrics/mAP50-95(M)': 0.28431, 'val/box_loss': 0.97813, 'val/seg_loss': 2.5457, 'val/cls_loss': 1.75675, 'val/dfl_loss': 1.11173, 'fitness': 0.63967}
# Best fitness model is runs/segment/train14
# Best fitness hyperparameters are printed below.

lr0: 0.00631
lrf: 0.01236
momentum: 0.90756
weight_decay: 0.00037
warmup_epochs: 3.49113
warmup_momentum: 0.7082
box: 9.32023
cls: 0.47738
dfl: 1.53073
hsv_h: 0.01376
hsv_s: 0.59249
hsv_v: 0.39395
degrees: 0.0
translate: 0.08
scale: 0.40593
shear: 0.0
perspective: 0.0
flipud: 0.0
fliplr: 0.65182
bgr: 0.0
mosaic: 0.86409
mixup: 0.0
copy_paste: 0.0
